0,7
1,1
0,1
0,1
1,1
0,2
0,1
0,1
0,1,1,1
0,3
1,2
0,1
1,1
1,1
1,1
1,2
0,2
0,1
0,2,1,1
1,1
0,1
0,1
1,1
0,1
1,1
1,1
0,1
1,1
0,1
0,1
0,1,1,1
1,5
1,1
0,1
1,1
1,4
1,1
0,1
0,1
0,1
1,1
1,1
0,1
1,2
1,1
0,1
1,2
0,2
0,1
0,1
1,1
0,1
1,2
1,3
0,3
0,1,1,1
1,1
1,1
0,1
0,1
0,1
0,1
0,14
0,96,1,89
0,1
1,1
1,1
1,1
0,3
1,1
1,1
0,2
0,1
0,1
0,1,1,1
0,1
0,1
1,1
0,1
1,1
1,2
0,2,1,1
1,1
0,7
1,1
1,1
1,1
1,1
0,1
0,1,1,1
1,1
1,1
0,1
1,1
1,1
0,3
1,3
1,1
0,3,1,3
1,1
0,1
0,2
1,1
1,1
0,1
1,1
0,1
1,1
1,2
0,1
1,1
1,1
0,1
0,1
1,1
0,4
0,1
1,1
1,1
0,1,1,2
1,1
0,1,1,1
1,1
1,1
0,1
1,1
1,1
0,1
1,1
0,3
0,7,1,6
1,1
0,1
0,2
0,2
0,2
1,1
0,1
0,1
1,1
1,1
1,2
1,1
1,1
1,1
1,1
1,3
0,1
0,1
0,1
1,2
1,1
0,1
0,1
0,2
1,1
1,1
0,1
0,1,1,1
0,1
1,1
0,1,1,1
0,1
1,1
0,1
0,3
1,1
1,4
0,2,1,1
0,1
1,2
0,2,1,2
0,2
0,1
1,1
0,3,1,2
0,1
0,1
0,1
0,1,1,3
0,3
0,1,1,1
1,1
0,1
0,6,1,3
0,1
0,1
1,1
0,1
1,1
0,1
1,1
0,1
0,1
0,1
1,1
0,2,1,2
1,1
1,1
1,1
1,1
0,1
1,1
1,2
1,1
1,1
0,1
0,2
1,2
0,1
1,1
0,1
0,1
1,1
0,1
0,1,1,1
1,1
0,4,1,2
0,1
0,1,1,1
1,1
1,1
0,1
0,1
1,1
1,1
0,8,1,3
1,1
0,1
0,1
0,2,1,1
1,1
1,1
1,1
0,1
0,1
1,1
1,1
0,1
0,34,1,30
0,1
0,2
0,1
0,2
1,1
1,1
1,1
0,1
0,1
1,1
0,1
0,1
0,1
0,1
0,1
0,1
1,1
1,1
1,1
1,1
0,1
0,1
0,1
1,1
1,1
1,1
1,1
0,3,1,1
0,1
0,1
0,1
0,1
0,1
0,2,1,2
1,1
0,2
1,1
0,1
1,1
1,1
0,1
0,1
1,1
1,1
0,1,1,1
0,1
0,1
1,2
1,1
1,1
0,1
0,1
0,1
0,1
0,1
1,2
1,1
1,1
0,1
0,1
1,1
0,3
0,1
1,1
0,1
1,1
0,3,1,1
0,2
1,2
1,1
1,1
1,1
0,2
0,1
1,1
0,1
1,1
0,1
1,1
1,1
0,2,1,2
0,1
1,1
1,2
1,1
0,2
1,1
0,1,1,8
0,1
1,1
1,1
1,1
1,1
1,1
0,1
0,1
0,1
0,1
0,1
1,1
0,1
1,1
0,3
0,1
0,2
1,1
0,2
0,1
1,1
0,1
0,1
0,1
0,1,1,1
0,1
0,1
0,1
0,1
1,1
0,2
0,1
0,2
1,1
1,1
0,1,1,1
1,1
0,8,1,2
0,1
0,1
0,1
0,1
0,3
1,1
0,5
0,2,1,10
1,1
1,1
1,1
1,1
1,1
1,1
0,1
1,1
0,1
0,1
0,1
1,1
0,1
1,1
0,7,1,19
1,1
0,1
1,12
1,1
0,1
0,1,1,5
1,1
0,1
0,1
1,3
0,1
0,1
0,1,1,4
0,1
0,1
1,1
0,1
0,1
0,1
0,2,1,3
0,1
1,1
1,1
1,1
0,1
0,1
1,1
0,1
1,1
1,1
0,1
0,1
1,1
1,1
1,1
0,2
1,1
0,1
1,1
0,2
0,1
0,2
0,1
0,3,1,1
0,1
0,1
1,1
0,1
0,1
0,1
1,1
0,1
1,1
1,1
0,1
1,1
0,1
0,2
1,1
1,1
0,1
1,1
0,1
1,2
0,1
0,1
0,1
1,3
0,1
1,1
1,1
0,1
1,3
1,1
0,1
1,1
0,4
0,1
1,1
0,1
1,1
1,1
1,7
0,5,1,17
0,1,1,2
1,1
1,1
0,1
1,1
0,1
0,1
1,1
1,1
0,1
0,2
0,1,1,2
0,2
0,2
0,1
1,1
0,1
1,5
0,2
1,3
1,1
0,1
0,3
1,2
0,1,1,4
0,1
1,1
0,1
1,1
0,1
1,1
0,1
0,2
1,1
1,1
1,1
1,1
1,1
1,1
1,2
1,1
0,3,1,2
1,2
1,1
0,1
1,1
0,1
0,1
0,1
1,2
1,1
0,1
0,1
0,1
0,1
0,5,1,3
0,1
1,1
1,1
0,2
1,1
0,1,1,2
0,2
0,1
1,1
0,1
1,1
0,1
0,1
0,6,1,14
1,3
1,1
0,1
1,1
0,7,1,14
0,4,1,6
0,1
1,1
0,1
1,1
1,1
1,2
1,1
0,4
1,1
1,1
1,1
1,1
1,1
0,8,1,10
1,1
0,3
0,2
0,1
0,1,1,1
0,1
0,1,1,2
1,4
1,1
0,1
1,1
1,1
0,1
1,1
0,1
1,1
1,1
0,1
1,1
1,1
1,1
0,2
1,4
0,9
1,1
1,1
1,3
0,8,1,1
1,1
1,1
0,1
0,1
1,1
0,1
0,1
0,1
1,1
0,1
1,1
1,2
1,1
0,1
1,2
1,1
1,1
1,1
0,1
1,1
0,2
0,1
1,1
0,1
1,2
0,3
1,2
0,7,1,17
0,1
1,1
0,1
1,1
1,1
1,1
1,1
0,1
0,1
0,1
0,3
0,4
0,1
0,1
1,1
0,1,1,1
0,1
1,1
0,1
0,1
1,1
0,2
1,1
0,1,1,2
1,1
0,1
1,1
1,1
0,1
0,5,1,28
1,1
1,1
0,1
0,1
0,1
1,1
0,1
1,1
0,1
0,1
0,1
1,6
1,1
0,1
1,1
1,1
0,2
1,1
1,1
0,1
1,1
1,2
0,1
1,1
0,1
0,1
0,27,1,30
0,1,1,1
0,1
0,1
0,1
0,17,1,11
0,4,1,16
0,1
0,1
1,1
1,1
0,1
0,1
1,1
1,1
1,1
0,1
0,1
1,1
1,1
1,1
1,1
1,1
1,1
0,2
1,2
1,1
1,1
0,3
0,1
0,1
1,1
1,1
1,1
0,1
0,1
0,1
1,1
1,2
1,2
1,1
0,2
1,1
1,1
0,1
1,1
0,2,1,2
0,1,1,5
0,1,1,1
0,1
0,1
1,1
1,1
0,2
0,11,1,14
1,1
0,1
0,1
1,1
0,1
0,1,1,1
0,1
0,1
1,1
1,3
0,1
0,1
1,1
0,1
1,1
1,1
0,6,1,2
0,1
1,1
1,1
1,1
0,1,1,1
0,1
0,1
0,2
1,1
0,1,1,1
1,1
0,1
0,1,1,3
0,1
0,1
0,1
1,1
0,1
0,1
0,57,1,57
1,2
0,1
0,13,1,6
0,1
0,6
0,1
0,1
0,3,1,1
0,1,1,1
0,1
1,2
1,1
0,3
0,1
0,1
1,1
0,1,1,1
1,1
0,1
0,1
0,1,1,2
1,1
0,1
0,1
1,1
0,1
0,1
1,1
1,1
1,1
1,1
1,1
0,3
1,2
1,1
1,2
0,1
0,1,1,2
1,2
0,1,1,1
1,1
0,1
0,1
1,1
0,1
0,1
0,1
0,1
1,1
1,2
1,1
1,1
1,1
1,1
0,1
0,1
1,2
0,1
0,1
1,1
1,1
0,5,1,2
1,1
0,1
1,2
0,4,1,1
1,1
1,1
0,1
0,1
0,1
0,1
0,1
0,1
1,2
1,2
1,1
0,4,1,6
1,1
1,1
1,1
1,1
0,1
1,1
0,3,1,1
0,2,1,2
1,3
0,1
1,1
0,1
1,1
0,23,1,27
1,1
1,1
1,1
0,3
0,7,1,11
0,1
0,1
1,2
1,1
1,1
1,1
1,1
0,1
0,1
1,1
1,1
1,1
1,1
1,1
0,1
0,5,1,8
0,1
0,1
1,2
0,2
1,1
0,1
0,1,1,1
1,1
1,1
1,1
0,1
1,2
1,1
1,2
0,1
1,4
0,2
0,1
1,1
1,1
0,1
0,1
1,1
1,1
0,1
1,2
0,2
0,1
1,1
0,1
1,1
1,1
1,1
1,1
1,1
1,1
1,1
1,1
1,2
1,1
0,1
1,1
1,1
1,1
1,1
1,1
1,1
0,1
0,1
1,3
0,1
0,1
0,2
1,2
1,1
1,1
0,1
0,1
1,1
0,1
0,1
1,1
1,4
0,1
1,1
0,1
1,1
1,1
1,1
0,1
1,1
0,1
1,1
1,1
1,1
1,1
0,1
1,1
0,1
1,5
1,2
1,1
1,1
0,2
0,1
1,1
0,1
1,2
1,1
1,1
1,1
1,1
0,3,1,1
1,1
1,1
0,4,1,1
1,1
1,1
0,1
1,1
0,1
0,1
0,1
0,1
0,1
0,1
0,1
1,2
1,1
1,1
0,1
0,6,1,2
0,1
0,1
1,1
0,1
0,1,1,2
0,1
0,1
0,1,1,1
1,1
1,3
0,1
0,1
1,1
0,3,1,5
0,1
0,1
1,1
0,2,1,5
0,1
0,2
0,1
0,1
0,1
0,2
0,1
1,1
1,1
1,1
0,1
0,2
0,1
1,1
1,1
0,2
1,1
0,2
0,1,1,1
1,1
0,3,1,1
0,1
0,1
0,1
1,1
1,1
1,1
0,1
0,1
0,1
0,1
0,2
0,1
0,3,1,1
1,1
0,1
1,1
0,1
1,2
1,1
1,1
0,3
0,1
1,1
0,1
1,1
0,2
1,1
1,1
0,1
